14 41 59 3 15 37 6 63 10 40 46 23 0 31 19 67 33 22 66 45 32 42 29 2 25 16 57 52 9 20 34 27 44 7 17 48 18 58 21 11 47 1 56 35 13 55 62 49 26 12 30 36 39 69 24 65 50 51 64 28 4 61 8 60 38 68 43 5 53 54 
36 42 10 25 14 37 5 1 39 49 18 34 48 58 32 67 11 23 47 0 19 20 65 9 26 30 46 69 60 62 52 3 29 63 68 43 51 7 33 28 21 24 61 53 45 64 16 40 41 27 17 59 55 4 57 6 8 38 15 54 44 31 66 56 50 22 13 2 12 35 
21 8 57 50 44 47 52 20 27 69 24 4 37 38 13 31 30 45 3 2 62 6 46 61 26 65 32 59 66 54 36 42 35 53 56 55 58 40 1 5 22 68 29 23 49 25 0 28 60 7 11 51 34 15 63 16 12 33 41 10 18 17 9 19 67 48 14 39 64 43 
42 2 45 59 63 5 53 25 3 66 22 62 24 28 21 26 6 56 38 10 49 7 18 19 39 15 0 12 17 58 47 8 36 64 55 1 29 57 46 11 32 33 30 9 52 54 20 14 60 31 67 16 23 34 69 13 41 27 68 48 4 44 61 65 43 40 37 50 51 35 
56 55 12 28 40 18 8 57 0 66 17 10 4 63 30 41 54 67 22 61 14 29 65 32 51 33 50 62 20 6 60 19 21 34 9 26 15 3 11 68 69 44 38 7 16 47 1 53 48 24 49 52 45 58 13 43 35 42 59 64 27 2 46 31 37 5 23 36 25 39 
16 20 56 65 14 45 32 6 67 64 38 18 47 35 25 57 4 62 59 63 34 19 8 10 44 22 55 7 3 27 61 53 49 31 15 0 43 11 48 1 5 39 69 51 9 21 24 37 2 17 41 68 23 12 13 52 40 50 28 46 26 60 30 54 66 33 36 42 58 29 
65 41 20 46 49 51 6 29 59 27 53 61 3 67 24 57 0 54 55 25 18 13 44 48 58 30 9 26 28 64 34 17 4 5 37 33 22 50 1 56 52 68 15 19 10 11 16 23 12 38 36 47 21 45 62 2 60 32 66 63 35 14 69 7 42 8 43 40 39 31 
65 1 38 16 37 7 54 31 56 52 49 5 13 67 32 4 29 53 39 34 27 30 20 11 33 19 68 2 47 64 21 9 14 8 62 0 66 60 17 15 28 26 50 3 61 51 35 45 6 46 22 69 25 23 42 58 63 44 24 48 36 12 57 55 18 59 40 41 10 43 
8 56 36 35 11 53 31 43 64 44 25 20 41 24 1 50 13 4 23 22 48 3 46 51 18 42 69 12 55 19 66 54 14 45 2 49 57 58 60 32 63 38 15 10 47 9 26 34 65 29 52 21 37 59 28 16 68 5 0 27 6 30 39 61 62 7 67 17 40 33 
44 14 50 49 33 10 59 19 25 17 23 32 31 64 51 40 66 65 36 54 16 37 24 57 3 53 21 6 67 34 28 35 48 20 41 29 15 22 2 47 7 55 61 11 46 30 9 42 62 0 43 5 27 39 1 69 4 60 8 26 63 18 68 38 45 12 56 13 52 58 
